c = [ -1 -1 0 0 0 0 0 ]' ;
b = [ 7 40 60 9 70 ]' ;
A = [-1   1   1  0  0  0  0
      1   4   0  1  0  0  0
      3   2   0  0  1  0  0
      1  -3   0  0  0  1  0  
      7  -4   0  0  0  0  1 ];
bix = [3 4 5 6 7];
zcheat = -20.3125; 
xcheat = [13.75 6.5625 14.1875 0 5.625 14.9375 0]';

